 Vortex Lattice Output -- Total Forces

 Configuration: Plane wingAR10 rect                                         
     # Surfaces =   2
     # Strips   =  20
     # Vortices = 200

  Sref =  10.000       Cref =  1.0000       Bref =  10.000    
  Xref =  0.0000       Yref =  0.0000       Zref =  0.0000    

 Standard axis orientation,  X fwd, Z down         

 Run case: a5v1                                    

  Alpha =   5.00000     pb/2V =  -0.00000     p'b/2V =  -0.00000
  Beta  =   0.00000     qc/2V =   0.00000
  Mach  =     0.000     rb/2V =  -0.00000     r'b/2V =  -0.00000

  CXtot =   0.03085     Cltot =  -0.00000     Cl'tot =  -0.00000
  CYtot =   0.00000     Cmtot =  -0.10241
  CZtot =  -0.41998     Cntot =  -0.00000     Cn'tot =  -0.00000

  CLtot =   0.42107
  CDtot =   0.00588
  CDvis =   0.00000     CDind = 0.0058753
  CLff  =   0.42159     CDff  = 0.0058955    | Trefftz
  CYff  =   0.00000         e =    0.9596    | Plane 
